* 2,  5  |  * 3,  4  |  * 6, 11  |  * 7, 10  |  
  8,  9  |  * 5,  1  |  * 2,  3  |    0,  0  |  
*10,  6  |  *11,  9  |  * 7,  8  |  * 1,  4  |  
*11,  7  |  *10,  8  |  * 6,  9  |  * 5,  3  |  
* 4,  2  |  * 9,  7  |  * 3,  1  |  * 8,  6  |  
  6,  7  |  * 1,  2  |  * 4,  5  |   10, 11  |  
  0,  0  |  * 8, 11  |  * 9, 10  |    0,  0  |  
[0, 2, 1, 1]
[2, 1, 1, 0]
[0, 1, 2, 1]
[1, 1, 1, 1]
[1, 1, 1, 1]
[2, 0, 2, 1]
[2, 1, 1, 1]
[1, 2, 1, 1]
[1, 2, 2, 0]
[1, 1, 1, 2]
[1, 2, 1, 1]
column 0 : 1
column 1 : 0
column 2 : 1
column 3 : 0
